220140421004
220140421005
220140421006
220140421011
220140421012
220140421013
220140421015
220140421016
220140421017
220140421019
220140421020
220140421022
220140421023
220140421024
220140421028
220140421034
220140421036
220140421039
220140421040
220140421041
220140421045
220140421046
220140421048
220140421051
220140421053
220140421055
220140421056
220140421057
220140421058
220140421062
220140421063
220140421064
220140421065
220140421068
220140421069
220140421070
220140421071
220140421081
220140421083
220140421084
220140421085
220140421086
220140421087
220140421088
220140421090
220140421091
220140421096
220140421102
220140421103
220140421104
220140421108
220140421114
220140421116
220140421118
220140421123
220140421125
220140421126
220140421133
220140421134
220140421136
220140421137
220140421139
220140421141
220140421143
220140421150
220140421152
220140421159
220140421160
220140421164
220140421168
220140421169
220140421170
220140421171
220140421175
220140421178
220140421179
220140421180
220140421184
220140421189
220140421192
220140421193
220140421195
220140421198
220140421199
220140421200
220140421201
220140421202
220140421206
220140421208
220140421210
220140421212
220140421213
220140421218
220140421219
220140421221
220140421223
220140421225
220140421228
220140421229
220140421230
220140421231
220140421232
220140421233
220140421240
220140421241
220140421245
220140421246
220140421250
220140421251
220140421253
220140421254
220140421259
220140421260
220140421262
220140421264
220140421265
220140421266
220140421270
220140421271
220140421273
220140421274
220140421275
220140421277
220140421279
220140421286
220140421287
220140421288
220140421289
220140421290
220140421294
220140421297
220140421300
220140421302
220140421303
220140421304
220140421306
220140421307
220140421310
220140421312
220140421313
220140421315
220140421316
220140421322
220140421325
220140421329
220140421332
220140421333
220140421336
220140421337
220140421338
220140421341
220140421344
220140421345
220140421346
220140421348
220140421349
220140421350
220140421351
220140421352
220140421353
220140421354
220140421357
220140421358
220140421359
220140421360
220140421361
220140421362
220140421365
220140421366
220140421367
220140421370
220140421371
220140421373
220140421375
220140421376
220140421377
220140421378
220140421382
220140421385
220140421386
220140421387
220140421388
220140421389
220140421390
220140421393
220140421394
220140421397
220140421398
220140421400
220140421402
220140421403
220140421404
220140421405
220140421407
220140421410
220140421411
220140421412
220140421413
220140421414
220140421415
220140421416
220140421417
220140421418
220140421420
220140421422
220140421423
220140421424
220140421429
220140421431
220140421433
220140421434
220140421435
220140421436
220140421439
220140421444
220140421445
220140421449
220140421450
220140421452
220140421454
220140421455
220140421456
220140421457
220140421459
220140421462
220140421463
220140421465
220140421466
220140421467
220140421468
220140421469
220140421470
220140421472
220140421475
220140421478
220140421479
220140421480
220140421481
220140421485
220140421486
220140421491
220140421493
220140421495
220140421497
220140421499
220140421500
220140421503
220140421506
220140421508
220140421510
220140421511
220140421512
220140421515
220140421516
220140421518
220140421519
220140421520
220140421521
220140421525
220140421526
220140421527
220140421528
220140421529
220140421532
220140421533
220140421534
220140421536
220140421538
220140421539
220140421541
220140421542
220140421546
220140421549
