220170421001
220170421003
220170421004
220170421006
220170421010
220170421011
220170421012
220170421013
220170421015
220170421018
220170421027
220170421033
220170421036
220170421041
220170421050
220170421055
220170421056
220170421065
220170421070
220170421071
220170421074
220170421075
220170421076
220170421080
220170421081
220170421082
220170421083
220170421084
220170421086
220170421088
220170421089
220170421090
220170421091
220170421092
220170421094
220170421097
220170421100
220170421102
220170421103
220170421108
220170421125
220170421130
220170421134
220170421143
220170421147
220170421148
220170421149
220170421153
220170421155
220170421156
220170421157
220170421158
220170421163
220170421164
220170421175
220170421185
220170421191
220170421193
220170421195
220170421201
220170421209
220170421213
220170421222
220170421228
220170421231
220170421233
220170421267
220170421270
220170421278
220170421285
220170421314
220170421320
220170421321
220170421324
220170421326
220170421328
220170421334
220170421337
220170421348
220170421362
220170421369
220170421373
220170421379
220170421382
220170421385
220170421392
220170421395
220170421397
220170421400
220170421407
220170421413
220170421419
220170421425
220170421426
220170421428
220170421432
220170421434
220170421437
220170421447
220170421448
220170421451
220170421453
220170421454
220170421456
220170421457
220170421458
220170421460
220170421461
220170421467
220170421472
220170421478
220170421481
220170421482
220170421488
220170421492
220170421494
220170421497
220170421500
220170421505
220170421506
220170421507
220170421513
220170421514
220170421516
220170421524
220170421527
220170421530
220170421531
220170421541
220170421543
220170421545
